34220
58297
51099
41005
28352
43896
33869
51229
20902
52599
36341
10438
48354
54626
60058
34779
62318
15339
12085
28757
49301
65287
19929
64996
62701
18406
19540
10506
48652
50566
32061
31891
15947
45508
15607
43636
15236
17412
43671
57
54181
61361
40349
48420
13943
43290
20354
6280
21764
5143
47018
38997
29417
1648
62076
29253
27441
40255
19373
9049
65061
17481
62510
48222
16797
16027
37448
52878
60636
55742
9396
18112
10714
27572
49513
18318
34043
58583
6696
39373
23290
48027
54093
64848
61150
5867
35244
55325
33680
4946
24448
37652
4820
49784
4985
54837
37856
52080
30973
22700
