34220
58297
51099
41005
28352
43896
33869
51229
20902
52599
36341
10438
48354
54626
60058
34779
62318
15339
12085
28757
49301
65287
19929
64996
62701
18406
19540
10506
48652
50566
32061
31891
15947
45508
15607
43636
15236
17412
43671
57
54181
61361
40349
48420
13943
43290
20354
6280
21764
5143
47018
38997
29417
1648
62076
29253
27441
40255
19373
9049
65061
17481
62510
48222
16797
16027
37448
52878
60636
55742
9396
18112
10714
27572
49513
18318
34043
58583
6696
39373
23290
48027
54093
64848
61150
5867
35244
55325
33680
4946
24448
37652
4820
49784
4985
54837
37856
52080
30973
22700
4917
48997
25226
21825
10256
53786
42422
27145
44142
17177
44727
23234
18730
58475
56765
20466
46032
55681
10227
35331
25847
37527
47793
16680
4764
42691
27006
27513
6883
49185
12500
5716
27038
697
51631
25584
26594
47881
39903
30011
28030
14124
44444
59152
54203
44680
52279
18600
23017
45165
60866
49729
17347
57859
26330
61438
7066
35881
60648
51544
13506
63984
29495
28845
9781
54506
43852
8563
19305
37038
64814
51783
42171
1889
5983
21035
39551
4526
28790
15572
6987
38661
22599
18836
40702
46454
2317
19753
50171
11489
65278
29671
1724
24181
42612
37096
40358
19484
54647
30116
