4917
48997
25226
21825
10256
53786
42422
27145
44142
17177
44727
23234
18730
58475
56765
20466
46032
55681
10227
35331
25847
37527
47793
16680
4764
42691
27006
27513
6883
49185
12500
5716
27038
697
51631
25584
26594
47881
39903
30011
28030
14124
44444
59152
54203
44680
52279
18600
23017
45165
60866
49729
17347
57859
26330
61438
7066
35881
60648
51544
13506
63984
29495
28845
9781
54506
43852
8563
19305
37038
64814
51783
42171
1889
5983
21035
39551
4526
28790
15572
6987
38661
22599
18836
40702
46454
2317
19753
50171
11489
65278
29671
1724
24181
42612
37096
40358
19484
54647
30116
